/*--------------------------------*- C++ -*----------------------------------*\
| =========                 |                                                 |
| \\      /  F ield         | foam-extend: Open Source CFD                    |
|  \\    /   O peration     | Version:     4.0                                |
|   \\  /    A nd           | Web:         http://www.foam-extend.org         |
|    \\/     M anipulation  |                                                 |
\*---------------------------------------------------------------------------*/
FoamFile
{
    version     2.0;
    format      ascii;
    class       faceList;
    location    "constant/polyMesh";
    object      faces;
}
// * * * * * * * * * * * * * * * * * * * * * * * * * * * * * * * * * * * * * //


46
(
4(1 11 31 21)
4(2 12 32 22)
4(3 13 33 23)
4(4 14 34 24)
4(5 15 35 25)
4(6 16 36 26)
4(7 17 37 27)
4(8 18 38 28)
4(0 20 30 10)
4(9 19 39 29)
4(10 30 31 11)
4(11 31 32 12)
4(12 32 33 13)
4(13 33 34 14)
4(14 34 35 15)
4(15 35 36 16)
4(16 36 37 17)
4(17 37 38 18)
4(18 38 39 19)
4(0 1 21 20)
4(1 2 22 21)
4(2 3 23 22)
4(3 4 24 23)
4(4 5 25 24)
4(5 6 26 25)
4(6 7 27 26)
4(7 8 28 27)
4(8 9 29 28)
4(0 10 11 1)
4(1 11 12 2)
4(2 12 13 3)
4(3 13 14 4)
4(4 14 15 5)
4(5 15 16 6)
4(6 16 17 7)
4(7 17 18 8)
4(8 18 19 9)
4(20 21 31 30)
4(21 22 32 31)
4(22 23 33 32)
4(23 24 34 33)
4(24 25 35 34)
4(25 26 36 35)
4(26 27 37 36)
4(27 28 38 37)
4(28 29 39 38)
)


// ************************************************************************* //
