/*--------------------------------*- C++ -*----------------------------------*\
| =========                 |                                                 |
| \\      /  F ield         | foam-extend: Open Source CFD                    |
|  \\    /   O peration     | Version:     4.0                                |
|   \\  /    A nd           | Web:         http://www.foam-extend.org         |
|    \\/     M anipulation  |                                                 |
\*---------------------------------------------------------------------------*/
FoamFile
{
    version     2.0;
    format      ascii;
    class       vectorField;
    location    "constant/polyMesh";
    object      points;
}
// * * * * * * * * * * * * * * * * * * * * * * * * * * * * * * * * * * * * * //


404
(
(0 0 0)
(0.009 0 0)
(0.018 0 0)
(0.027 0 0)
(0.036 0 0)
(0.045 0 0)
(0.054 0 0)
(0.063 0 0)
(0.072 0 0)
(0.081 0 0)
(0.09 0 0)
(0.099 0 0)
(0.108 0 0)
(0.117 0 0)
(0.126 0 0)
(0.135 0 0)
(0.144 0 0)
(0.153 0 0)
(0.162 0 0)
(0.171 0 0)
(0.18 0 0)
(0.189 0 0)
(0.198 0 0)
(0.207 0 0)
(0.216 0 0)
(0.225 0 0)
(0.234 0 0)
(0.243 0 0)
(0.252 0 0)
(0.261 0 0)
(0.27 0 0)
(0.279 0 0)
(0.288 0 0)
(0.297 0 0)
(0.306 0 0)
(0.315 0 0)
(0.324 0 0)
(0.333 0 0)
(0.342 0 0)
(0.351 0 0)
(0.36 0 0)
(0.369 0 0)
(0.378 0 0)
(0.387 0 0)
(0.396 0 0)
(0.405 0 0)
(0.414 0 0)
(0.423 0 0)
(0.432 0 0)
(0.441 0 0)
(0.45 0 0)
(0.459 0 0)
(0.468 0 0)
(0.477 0 0)
(0.486 0 0)
(0.495 0 0)
(0.504 0 0)
(0.513 0 0)
(0.522 0 0)
(0.531 0 0)
(0.54 0 0)
(0.549 0 0)
(0.558 0 0)
(0.567 0 0)
(0.576 0 0)
(0.585 0 0)
(0.594 0 0)
(0.603 0 0)
(0.612 0 0)
(0.621 0 0)
(0.63 0 0)
(0.639 0 0)
(0.648 0 0)
(0.657 0 0)
(0.666 0 0)
(0.675 0 0)
(0.684 0 0)
(0.693 0 0)
(0.702 0 0)
(0.711 0 0)
(0.72 0 0)
(0.729 0 0)
(0.738 0 0)
(0.747 0 0)
(0.756 0 0)
(0.765 0 0)
(0.774 0 0)
(0.783 0 0)
(0.792 0 0)
(0.801 0 0)
(0.81 0 0)
(0.819 0 0)
(0.828 0 0)
(0.837 0 0)
(0.846 0 0)
(0.855 0 0)
(0.864 0 0)
(0.873 0 0)
(0.882 0 0)
(0.891 0 0)
(0.9 0 0)
(0 0.1 0)
(0.009 0.1 0)
(0.018 0.1 0)
(0.027 0.1 0)
(0.036 0.1 0)
(0.045 0.1 0)
(0.054 0.1 0)
(0.063 0.1 0)
(0.072 0.1 0)
(0.081 0.1 0)
(0.09 0.1 0)
(0.099 0.1 0)
(0.108 0.1 0)
(0.117 0.1 0)
(0.126 0.1 0)
(0.135 0.1 0)
(0.144 0.1 0)
(0.153 0.1 0)
(0.162 0.1 0)
(0.171 0.1 0)
(0.18 0.1 0)
(0.189 0.1 0)
(0.198 0.1 0)
(0.207 0.1 0)
(0.216 0.1 0)
(0.225 0.1 0)
(0.234 0.1 0)
(0.243 0.1 0)
(0.252 0.1 0)
(0.261 0.1 0)
(0.27 0.1 0)
(0.279 0.1 0)
(0.288 0.1 0)
(0.297 0.1 0)
(0.306 0.1 0)
(0.315 0.1 0)
(0.324 0.1 0)
(0.333 0.1 0)
(0.342 0.1 0)
(0.351 0.1 0)
(0.36 0.1 0)
(0.369 0.1 0)
(0.378 0.1 0)
(0.387 0.1 0)
(0.396 0.1 0)
(0.405 0.1 0)
(0.414 0.1 0)
(0.423 0.1 0)
(0.432 0.1 0)
(0.441 0.1 0)
(0.45 0.1 0)
(0.459 0.1 0)
(0.468 0.1 0)
(0.477 0.1 0)
(0.486 0.1 0)
(0.495 0.1 0)
(0.504 0.1 0)
(0.513 0.1 0)
(0.522 0.1 0)
(0.531 0.1 0)
(0.54 0.1 0)
(0.549 0.1 0)
(0.558 0.1 0)
(0.567 0.1 0)
(0.576 0.1 0)
(0.585 0.1 0)
(0.594 0.1 0)
(0.603 0.1 0)
(0.612 0.1 0)
(0.621 0.1 0)
(0.63 0.1 0)
(0.639 0.1 0)
(0.648 0.1 0)
(0.657 0.1 0)
(0.666 0.1 0)
(0.675 0.1 0)
(0.684 0.1 0)
(0.693 0.1 0)
(0.702 0.1 0)
(0.711 0.1 0)
(0.72 0.1 0)
(0.729 0.1 0)
(0.738 0.1 0)
(0.747 0.1 0)
(0.756 0.1 0)
(0.765 0.1 0)
(0.774 0.1 0)
(0.783 0.1 0)
(0.792 0.1 0)
(0.801 0.1 0)
(0.81 0.1 0)
(0.819 0.1 0)
(0.828 0.1 0)
(0.837 0.1 0)
(0.846 0.1 0)
(0.855 0.1 0)
(0.864 0.1 0)
(0.873 0.1 0)
(0.882 0.1 0)
(0.891 0.1 0)
(0.9 0.1 0)
(0 0 0.1)
(0.009 0 0.1)
(0.018 0 0.1)
(0.027 0 0.1)
(0.036 0 0.1)
(0.045 0 0.1)
(0.054 0 0.1)
(0.063 0 0.1)
(0.072 0 0.1)
(0.081 0 0.1)
(0.09 0 0.1)
(0.099 0 0.1)
(0.108 0 0.1)
(0.117 0 0.1)
(0.126 0 0.1)
(0.135 0 0.1)
(0.144 0 0.1)
(0.153 0 0.1)
(0.162 0 0.1)
(0.171 0 0.1)
(0.18 0 0.1)
(0.189 0 0.1)
(0.198 0 0.1)
(0.207 0 0.1)
(0.216 0 0.1)
(0.225 0 0.1)
(0.234 0 0.1)
(0.243 0 0.1)
(0.252 0 0.1)
(0.261 0 0.1)
(0.27 0 0.1)
(0.279 0 0.1)
(0.288 0 0.1)
(0.297 0 0.1)
(0.306 0 0.1)
(0.315 0 0.1)
(0.324 0 0.1)
(0.333 0 0.1)
(0.342 0 0.1)
(0.351 0 0.1)
(0.36 0 0.1)
(0.369 0 0.1)
(0.378 0 0.1)
(0.387 0 0.1)
(0.396 0 0.1)
(0.405 0 0.1)
(0.414 0 0.1)
(0.423 0 0.1)
(0.432 0 0.1)
(0.441 0 0.1)
(0.45 0 0.1)
(0.459 0 0.1)
(0.468 0 0.1)
(0.477 0 0.1)
(0.486 0 0.1)
(0.495 0 0.1)
(0.504 0 0.1)
(0.513 0 0.1)
(0.522 0 0.1)
(0.531 0 0.1)
(0.54 0 0.1)
(0.549 0 0.1)
(0.558 0 0.1)
(0.567 0 0.1)
(0.576 0 0.1)
(0.585 0 0.1)
(0.594 0 0.1)
(0.603 0 0.1)
(0.612 0 0.1)
(0.621 0 0.1)
(0.63 0 0.1)
(0.639 0 0.1)
(0.648 0 0.1)
(0.657 0 0.1)
(0.666 0 0.1)
(0.675 0 0.1)
(0.684 0 0.1)
(0.693 0 0.1)
(0.702 0 0.1)
(0.711 0 0.1)
(0.72 0 0.1)
(0.729 0 0.1)
(0.738 0 0.1)
(0.747 0 0.1)
(0.756 0 0.1)
(0.765 0 0.1)
(0.774 0 0.1)
(0.783 0 0.1)
(0.792 0 0.1)
(0.801 0 0.1)
(0.81 0 0.1)
(0.819 0 0.1)
(0.828 0 0.1)
(0.837 0 0.1)
(0.846 0 0.1)
(0.855 0 0.1)
(0.864 0 0.1)
(0.873 0 0.1)
(0.882 0 0.1)
(0.891 0 0.1)
(0.9 0 0.1)
(0 0.1 0.1)
(0.009 0.1 0.1)
(0.018 0.1 0.1)
(0.027 0.1 0.1)
(0.036 0.1 0.1)
(0.045 0.1 0.1)
(0.054 0.1 0.1)
(0.063 0.1 0.1)
(0.072 0.1 0.1)
(0.081 0.1 0.1)
(0.09 0.1 0.1)
(0.099 0.1 0.1)
(0.108 0.1 0.1)
(0.117 0.1 0.1)
(0.126 0.1 0.1)
(0.135 0.1 0.1)
(0.144 0.1 0.1)
(0.153 0.1 0.1)
(0.162 0.1 0.1)
(0.171 0.1 0.1)
(0.18 0.1 0.1)
(0.189 0.1 0.1)
(0.198 0.1 0.1)
(0.207 0.1 0.1)
(0.216 0.1 0.1)
(0.225 0.1 0.1)
(0.234 0.1 0.1)
(0.243 0.1 0.1)
(0.252 0.1 0.1)
(0.261 0.1 0.1)
(0.27 0.1 0.1)
(0.279 0.1 0.1)
(0.288 0.1 0.1)
(0.297 0.1 0.1)
(0.306 0.1 0.1)
(0.315 0.1 0.1)
(0.324 0.1 0.1)
(0.333 0.1 0.1)
(0.342 0.1 0.1)
(0.351 0.1 0.1)
(0.36 0.1 0.1)
(0.369 0.1 0.1)
(0.378 0.1 0.1)
(0.387 0.1 0.1)
(0.396 0.1 0.1)
(0.405 0.1 0.1)
(0.414 0.1 0.1)
(0.423 0.1 0.1)
(0.432 0.1 0.1)
(0.441 0.1 0.1)
(0.45 0.1 0.1)
(0.459 0.1 0.1)
(0.468 0.1 0.1)
(0.477 0.1 0.1)
(0.486 0.1 0.1)
(0.495 0.1 0.1)
(0.504 0.1 0.1)
(0.513 0.1 0.1)
(0.522 0.1 0.1)
(0.531 0.1 0.1)
(0.54 0.1 0.1)
(0.549 0.1 0.1)
(0.558 0.1 0.1)
(0.567 0.1 0.1)
(0.576 0.1 0.1)
(0.585 0.1 0.1)
(0.594 0.1 0.1)
(0.603 0.1 0.1)
(0.612 0.1 0.1)
(0.621 0.1 0.1)
(0.63 0.1 0.1)
(0.639 0.1 0.1)
(0.648 0.1 0.1)
(0.657 0.1 0.1)
(0.666 0.1 0.1)
(0.675 0.1 0.1)
(0.684 0.1 0.1)
(0.693 0.1 0.1)
(0.702 0.1 0.1)
(0.711 0.1 0.1)
(0.72 0.1 0.1)
(0.729 0.1 0.1)
(0.738 0.1 0.1)
(0.747 0.1 0.1)
(0.756 0.1 0.1)
(0.765 0.1 0.1)
(0.774 0.1 0.1)
(0.783 0.1 0.1)
(0.792 0.1 0.1)
(0.801 0.1 0.1)
(0.81 0.1 0.1)
(0.819 0.1 0.1)
(0.828 0.1 0.1)
(0.837 0.1 0.1)
(0.846 0.1 0.1)
(0.855 0.1 0.1)
(0.864 0.1 0.1)
(0.873 0.1 0.1)
(0.882 0.1 0.1)
(0.891 0.1 0.1)
(0.9 0.1 0.1)
)


// ************************************************************************* //
